107,1760,32,1012,
0,
0,
0,
0,
6212,809,262,107,4926,109,5603,7843,
0,
0,
0,2780,571,2324,158,107,0,1223,0,5024,0,
114,465,669,3584,129,6828,3114,2001,
0,
0,
107,520,4338,3395,
427,0,1705,223,107,1838,0,208,211,823,152,
31,11,34,11,13,18,12,21,3,13,18,13,12,
0,
114,
0,
107,609,4338,3395,
427,0,1705,223,107,1838,0,208,211,0,1380,
31,11,34,11,13,17,20,14,
0,
0,
158,0,1454,
0,
0,
107,1507,2047,1402,114,0,2780,571,2324,158,
107,4926,109,5603,7843,223,4805,897,0,926,
31,11,34,11,13,19,16,21,10,13,19,17,14,
0,
0,
0,
4172,
0,
0,
186,35,10,6557,757,262,0,912,669,3584,122,0,926,4,49,2047,1402,823,152,10,
0,1380,5510,197,122,107,1760,32,1012,11,129,13,17,18,20,1838,233,1800,0,707,262,
4383,0,8228,107,1838,0,208,122,823,152,5,0,74,0,185,428,6,0,0,263,0,
587,2515,5,4748,2139,6,31,7123,11,129,0,390,0,13,17,19,20,0,7149,9018,
1856,107,950,122,1702,5013,182,1838,6212,401,122,107,32,1012,151,
0,1263,952,263,0,107,427,407,6212,401,475,2281,2097,1838,11,
892,7479,300,2515,31,7123,0,897,0,137,0,3728,0,3203,0,114,
2515,0,6262,313,2047,1402,0,0,3028,0,114,0,5034,517,11,9018,4,49,
950,11,107,0,208,0,1705,107,609,4338,3395,211,0,1380,5,0,1380,0,0,112,6,0,
900,0,129,13,17,20,14,855,878,0,2242,158,31,552,7118,114,0,5515,4943,0,
2772,5154,6723,223,339,1844,0,31,7123,0,114,0,3203,11,4748,107,520,
4338,3395,189,0,1705,211,823,152,129,524,2478,5,13,18,12,21,114,13,18,13,12,6,223,9112,3162,
0,177,855,107,0,689,122,517,11,0,3203,0,294,3432,1669,122,107,
0,3547,11,107,6212,401,229,413,4982,487,107,3658,122,107,
609,4338,3395,0,178,107,1919,8659,189,4052,124,2990,119,0,1349,
0,7640,11,107,7077,114,6363,175,0,3700,119,107,4926,109,5603,7843,
6557,2742,119,107,1185,0,241,114,0,3290,777,114,4969,4263,1609,1043,
129,107,6212,401,11,129,347,919,1950,365,128,1838,491,3839,124,107,
835,2576,122,107,4926,109,0,31,4926,109,491,189,0,3028,114,1276,2576,
1697,2089,129,31,8351,690,11,2529,6215,9904,223,0,6169,0,707,122,411,
777,4748,1043,1472,9207,129,107,1838,3919,11,0,7263,122,
2168,3423,114,107,3544,6381,122,107,0,1380,248,7234,262,107,4926,109,
5603,7843,11,
0,
129,13,19,16,21,517,11,897,0,926,1856,31,1305,111,2047,4144,122,107,823,152,114,
0,1380,0,689,0,107,0,7263,114,4969,5367,122,275,229,1714,0,2150,
0,280,129,107,1248,524,0,1988,782,107,6212,1454,300,427,
6456,11,134,0,3028,107,8907,114,9995,4154,31,301,0,165,6479,0,
880,8649,0,3165,107,8638,4095,122,517,11,9018,4,49,0,689,11,186,
2047,4144,2815,107,4,202,4412,382,4,595,216,6557,151,1838,3102,
0,6169,1661,107,9086,6221,11,154,163,601,5461,7058,223,
707,151,1276,6479,0,2529,154,163,273,8717,2622,151,0,1506,
4475,11,107,4943,3238,5027,129,186,0,3497,669,925,248,6706,
9575,3615,119,4805,0,926,11,
0,
0,
0,
0,
0,
4234,
0,
0,
107,520,4338,3395,
0,
0,1435,122,0,118,
0,1435,122,0,170,
0,1435,122,0,2431,
0,1435,122,3998,
0,1435,122,0,6152,
0,1435,122,380,1949,
0,1435,122,1258,2123,
0,1435,122,8163,
0,427,1435,122,0,2448,0,315,5224,13,2396,
0,729,1435,122,0,2448,0,315,5224,14,2396,
0,1409,1435,122,2396,
0,4161,1435,122,2396,
0,427,1435,122,0,4869,
0,729,1435,122,0,4869,
0,427,1435,122,0,127,
0,1435,122,0,5224,0,315,5224,14,0,127,
0,1435,122,0,5224,
0,1435,122,1258,570,
0,1435,122,4035,212,
0,1435,122,6680,
0,1435,122,0,1380,
0,1435,122,7890,1921,
0,0,9829,
0,0,3480,4,49,9101,4722,122,9101,1613,
0,1435,122,2718,
0,0,2431,
0,4359,9832,122,0,5224,
0,4359,9832,122,0,5224,
0,3755,1454,122,0,5224,
0,4359,9832,122,1002,403,
0,4359,9832,122,0,355,
0,4359,9832,122,34,4635,
0,4359,9832,122,5357,616,
0,4359,9832,122,380,355,
0,4359,9832,122,282,615,
0,4359,9832,122,0,5224,
0,4359,9832,122,0,127,
0,4359,9832,122,0,127,
0,4359,9832,122,0,268,
0,4359,9832,122,0,605,
0,4359,9832,122,0,5224,
0,4359,9832,122,0,170,
0,4359,9832,122,0,5224,
0,4359,9832,122,0,5224,
0,427,1435,122,0,112,
0,729,1435,122,0,112,
0,
0,
107,609,4338,3395,
0,
0,0,355,3851,119,161,11,6903,
0,0,355,3851,119,161,11,1176,
0,0,355,3851,119,161,11,5595,174,
0,0,355,3851,119,161,11,878,
0,5810,122,107,0,4447,
0,0,1163,122,161,11,3029,119,107,4331,
0,427,0,1163,122,161,11,3029,119,107,0,2199,
0,729,0,1163,122,161,11,3029,119,107,0,2199,
0,0,1163,122,161,11,3029,119,107,0,2199,
0,0,1163,122,161,11,3029,119,107,1956,2199,
0,0,1163,122,161,11,3029,119,107,8445,2199,
0,0,1163,122,161,11,3029,119,107,0,2199,
0,427,0,1163,122,161,11,3029,119,107,0,2199,
0,729,0,1163,122,161,11,3029,119,107,0,2199,
0,427,0,1163,122,161,11,3029,119,0,77,
0,729,0,1163,122,161,11,3029,119,0,77,
0,0,1163,122,161,11,3029,119,1677,
0,0,1163,122,161,11,3029,119,0,3480,
0,0,1163,122,161,11,3029,119,107,0,4650,
0,0,1263,0,1163,122,161,11,40,1951,107,0,1163,
0,427,0,1163,122,161,11,3274,107,0,1163,
0,729,0,1163,122,161,11,3274,107,0,1163,
0,427,0,1163,122,161,11,878,107,0,1163,
0,729,0,1163,122,161,11,878,107,0,1163,
0,1409,0,1163,122,161,11,878,107,0,1163,
0,0,1263,0,1163,122,161,11,40,1516,107,0,1163,
0,0,8551,122,161,11,878,107,0,1163,
0,
0,
0,
0,
0,
107,1435,122,0,118,
0,
186,1435,163,179,1928,262,1276,843,1822,122,107,7356,0,140,163,0,
122,107,2042,401,114,107,4027,122,107,623,11,107,0,4650,530,154,
0,570,0,262,107,491,158,275,154,3910,11,154,9946,166,721,
107,4172,122,107,2042,401,122,107,623,23,178,2350,182,2625,122,1276,
6477,4285,107,4726,122,14,15,18,21,1180,0,140,163,0,1661,107,560,122,
5534,11,
0,
0,
0,118,2250,13,
0,
483,2019,1275,607,114,1034,0,114,219,1027,4101,0,129,1797,1312,11,
0,
13,22,13,11,129,107,4027,483,7376,607,0,114,1034,11,
0,
13,22,14,11,114,107,1034,189,955,165,114,3533,0,114,3562,189,367,107,651,122,
107,1355,23,114,107,1337,122,483,4179,597,107,5580,11,
0,
13,22,15,11,114,483,376,22,132,769,500,11,114,769,189,500,11,
0,
13,22,16,11,114,483,801,107,769,140,154,189,279,23,114,134,6443,107,769,
262,107,3562,11,
0,
13,22,17,11,114,134,1928,107,769,442,0,114,107,3562,535,23,114,240,189,
2798,114,1548,316,442,11,
0,
13,22,18,11,114,483,376,22,299,240,132,31,3810,3395,500,0,145,107,5580,22,114,
299,154,6332,107,5580,262,107,5580,11,
0,
31,3810,3395,11,11,11,223,186,638,163,314,4423,107,1507,4726,1035,
107,1034,0,114,107,7507,2977,11,107,4541,431,122,275,0,1275,107,
5580,140,248,367,107,1034,0,262,686,140,248,1653,129,107,3850,11,
0,
13,22,19,11,114,483,500,31,3810,3395,0,114,6443,107,5580,140,300,587,
107,3810,3395,0,262,686,140,300,1653,107,3810,3395,0,114,154,189,179,11,
0,
13,22,20,11,114,483,1928,107,3810,3395,0,607,23,114,107,2798,114,1548,
300,107,729,442,11,
0,
13,22,21,11,483,2350,376,23,299,107,5580,140,248,587,107,607,0,132,
0,2472,1124,475,316,698,22,114,299,107,2991,1213,1066,11,114,154,
189,179,596,11,
0,
13,22,13,12,11,114,483,1928,107,2991,1213,0,1034,23,114,107,0,6381,1124,122,
107,5580,0,134,1928,4349,11,114,483,801,140,154,189,279,11,
0,
13,22,13,13,11,114,134,376,22,299,107,1034,837,995,2017,9510,0,114,407,168,373,
7463,0,114,107,3741,3237,6576,3741,579,1276,765,0,275,373,194,
7463,129,1288,367,107,1034,11,114,154,189,179,596,11,
0,
13,22,13,14,11,114,107,1034,1225,995,107,2017,9510,0,114,407,168,1611,1275,
7463,3851,119,1276,765,0,114,107,3237,140,648,1275,3741,0,1204,7463,
1203,316,3851,119,1276,765,11,114,483,801,140,154,189,279,11,
0,
13,22,13,15,11,114,107,2798,114,107,1548,300,107,1409,442,11,
0,
13,22,13,16,11,114,483,376,22,299,240,132,4615,500,129,107,3810,3395,122,607,0,
119,6332,107,442,114,107,535,0,114,299,309,132,151,5471,0,114,151,
9712,0,114,151,1312,114,1180,22,
0,
13,22,13,17,11,119,4402,129,107,3810,3395,122,607,0,114,119,446,769,367,107,
1034,0,114,154,189,179,596,11,
0,
13,22,13,18,11,114,483,500,524,452,4615,22,31,2610,769,119,3987,107,442,23,
114,31,6093,769,119,3987,107,535,22,114,107,2977,11,
0,
524,452,4615,11,11,11,483,7376,173,107,427,442,0,769,0,275,556,
4179,262,2824,119,2055,0,223,1276,4931,114,6088,0,500,1548,114,
2798,11,178,173,107,4161,442,134,8425,114,8944,3615,186,769,0,
114,500,107,1173,0,1905,0,114,2977,11,107,1905,0,606,464,1185,308,107,
2977,0,163,314,1928,31,452,769,0,262,1276,3015,31,808,2610,769,
119,107,1034,308,430,122,309,11,
0,
13,22,13,19,11,114,134,684,309,129,107,3810,3395,122,607,119,4402,367,107,
1034,11,
0,
13,22,13,20,11,114,119,3987,107,442,114,107,535,0,114,119,6332,107,769,114,107,
3562,11,114,483,801,140,154,189,279,11,
0,
13,22,13,21,11,114,107,2798,114,1548,300,107,4161,442,11,
0,
13,22,14,12,11,483,2350,376,22,299,107,5580,837,995,107,0,3206,2839,
1204,531,0,114,107,7409,140,373,1393,597,107,1034,587,107,
3810,3395,122,607,11,
0,
13,22,14,13,11,114,483,7376,107,452,126,9871,0,114,589,2025,114,4724,
2839,0,275,107,5580,1225,995,0,3851,119,322,7508,0,114,
589,8216,7409,3851,119,1276,765,11,114,483,801,140,154,189,279,11,
0,
13,22,14,14,11,114,134,2862,309,0,2609,22,5581,114,0,175,0,114,1947,107,
5580,122,107,1298,22,114,299,107,4527,132,0,2406,367,107,1034,11,
0,
13,22,14,15,11,114,107,2798,114,1548,300,107,5859,442,11,
0,
13,22,14,16,11,114,483,376,22,299,107,1034,837,995,107,2025,2839,129,1276,
765,0,9020,114,0,3206,1027,0,114,5571,122,107,1034,0,3851,119,
322,7508,11,114,154,189,179,596,11,
0,
13,22,14,17,11,114,483,500,107,5571,122,107,1034,3851,119,322,7508,0,114,
9020,0,114,589,845,140,4479,1275,173,107,1034,579,1276,765,11,114,
483,801,140,154,189,279,11,
0,
13,22,14,18,11,114,134,376,22,299,351,384,259,119,265,4232,114,5860,22,114,299,
188,194,8226,197,597,107,2429,112,122,107,1298,0,114,107,5353,1300,122,107,1147,0,
114,107,5571,0,114,107,1507,1034,0,114,589,0,3206,2839,140,
4055,1275,367,107,1034,11,
0,
299,351,384,259,119,265,4232,11,11,11,186,4232,122,483,129,259,0,163,166,129,107,
1108,0,178,129,107,804,23,275,163,31,1337,1437,5131,0,659,2888,158,
5116,114,1278,210,11,483,440,1275,314,129,107,336,2167,3016,0,119,
9309,8293,107,0,2338,122,5814,129,107,202,393,11,
0,
13,22,14,19,11,114,483,7376,259,119,169,536,4232,22,119,107,4232,122,483,134,
7376,188,22,6821,114,7238,134,7376,309,11,
0,
13,22,14,20,11,114,483,2862,309,0,2609,22,5581,114,0,175,0,114,1947,107,
1034,0,114,4782,251,154,0,114,3987,597,107,2429,112,122,107,1298,0,114,107,5353,1300,
122,107,1147,0,114,219,2025,4433,140,1959,367,107,1034,11,
0,
5581,114,0,175,11,11,11,186,163,166,31,552,2090,0,168,347,1626,8312,
0,4603,274,194,154,0,178,31,4368,0,5984,6381,309,9028,23,
151,483,229,376,107,826,777,119,107,2429,112,0,114,4527,0,5,1518,11,14,14,6,313,
300,8957,122,9292,31,552,2090,11,
0,
13,22,14,21,11,114,483,376,22,1689,39,194,1492,125,589,9510,3188,7463,367,
107,1034,0,114,219,4731,140,194,129,1614,7463,122,322,536,765,0,
119,132,183,3375,22,
0,
13,22,15,12,11,114,119,219,5571,122,107,1034,0,114,119,589,7409,122,107,1147,0,114,
119,219,140,1959,367,107,1034,0,114,2317,240,163,531,0,140,266,
373,194,119,2880,367,11,114,154,189,179,596,11,
0,
13,22,15,13,11,114,483,801,219,107,1027,140,134,229,500,0,114,266,300,489,
279,11,114,107,2798,114,1548,300,107,5479,442,11,
0,
0,118,2250,14,
0,
483,787,1275,173,107,2645,120,442,114,1264,1275,154,11,107,5326,8633,0,129,
275,483,3943,1275,259,11,134,1303,1275,188,166,119,1602,122,107,3237,122,
2422,11,114,1224,1275,31,821,122,169,5601,11,
0,
14,22,13,11,179,107,2160,114,107,1034,300,6586,0,114,219,107,8202,
122,309,11,
0,
14,22,14,11,114,173,107,2645,120,442,483,4669,169,950,275,134,229,500,22,114,134,
48,2646,173,107,2645,120,442,262,219,169,950,275,134,229,596,11,
0,
134,48,2646,0,9726,11,11,11,140,163,0,134,8687,119,384,243,6868,430,609,7508,122,
1027,11,606,0,168,265,261,4665,351,0,878,17,11,13,19,0,0,134,601,950,1275,0,0,
9128,11,0,223,0,582,114,0,1011,219,1027,0,114,2042,1822,2680,11,
0,
14,22,15,11,114,134,2862,107,2645,120,442,0,114,4995,2819,154,22,1103,129,154,134,
229,48,2646,262,219,169,950,275,483,7376,114,500,11,
0,
14,22,16,11,411,248,107,1183,1454,122,107,607,114,107,1034,0,276,266,
300,7376,0,129,107,442,140,107,261,483,500,107,607,114,107,
1034,22,
0,
14,22,17,11,114,589,2518,122,107,1485,487,154,9024,237,129,107,1034,0,114,
589,9510,122,107,1491,487,154,3746,22,151,107,261,483,229,166,48,1998,
367,107,1034,23,114,240,189,166,31,259,119,713,107,1034,11,
0,
14,22,18,11,178,31,2999,2539,307,122,107,1034,0,1060,4820,219,107,9605,122,107,
1034,11,
0,
14,22,19,11,114,107,261,483,6198,259,122,107,627,1310,122,107,1034,22,114,8393,
475,169,651,107,993,122,531,0,114,259,2815,31,2025,804,11,
0,
14,22,20,11,114,107,261,483,229,9335,31,8633,122,1720,262,107,
4027,22,2317,134,6234,259,851,134,229,6198,11,
0,
14,22,21,11,114,107,261,483,1225,995,122,107,1491,219,1843,122,4731,0,
545,119,1689,0,114,3783,119,1602,122,22,107,3237,122,531,2350,129,107,
7373,122,8633,22,114,107,3237,122,2422,122,279,114,3381,11,
0,
107,3237,122,531,11,11,11,179,1928,1103,154,229,140,3975,0,140,223,
5837,122,107,3741,122,154,0,259,274,194,413,3779,709,129,31,3033,
1062,122,2390,0,9402,0,114,1864,0,114,274,166,194,2399,211,219,11,
107,3237,122,2422,11,11,11,119,275,107,6209,461,5856,8398,
9575,3615,107,949,122,0,1167,31,3432,1669,765,122,2422,0,2765,
140,275,483,189,5321,119,446,11,
0,
14,22,13,12,11,114,31,3384,987,307,122,107,698,122,1720,119,1463,8633,0,
275,262,2918,163,6443,475,1134,2542,11,
0,
14,22,13,13,11,107,638,122,107,316,163,869,828,22,140,163,154,275,3713,1275,219,107,
1213,122,0,203,0,365,1101,1195,1275,11,
0,
14,22,13,14,11,114,107,1101,122,140,1213,163,489,279,22,240,163,1043,0,6143,0,
114,107,0,91,3056,11,
0,
14,22,13,15,11,114,107,638,122,107,729,3384,163,0,117,22,107,826,163,154,140,
3713,1275,219,107,1213,122,0,498,11,
0,
14,22,13,16,11,114,107,638,122,107,1409,3384,163,5871,4813,22,107,826,735,1275,1872,
223,107,0,2199,11,114,107,4161,3384,163,0,1068,11,
0,
14,22,13,17,11,114,107,261,483,986,259,0,114,600,188,475,107,8633,122,
1720,0,119,2174,154,0,114,119,635,154,11,
0,
14,22,13,18,11,114,134,5113,188,0,2609,22,122,589,3237,122,8633,181,1316,
1602,22,
0,
14,22,13,19,11,178,122,107,3237,122,2422,122,279,114,3381,0,181,1316,166,1602,11,
151,129,207,442,6026,181,1316,1602,122,154,0,181,1316,882,107,560,11,
0,
14,22,13,20,11,114,107,261,483,376,22,154,163,166,279,151,259,119,132,1237,22,299,351,
384,188,31,966,333,978,697,11,
0,
14,22,13,21,11,114,107,261,483,1204,6198,307,122,107,1491,219,107,5571,122,
107,1034,0,114,219,107,5353,1300,122,107,1147,0,1225,309,119,4959,119,361,
207,134,274,530,309,22,151,8846,4959,1928,430,2025,2839,
107,826,163,1276,638,11,
0,
14,22,14,12,11,114,4959,1928,219,107,5571,223,322,3423,0,114,219,107,5353,1300,
122,107,1147,0,114,219,107,9020,122,107,1485,22,178,151,4959,240,189,166,
1043,31,655,532,333,697,11,
0,
14,22,14,13,11,294,107,261,483,1209,31,1355,1008,367,4959,22,114,276,134,189,
1657,3057,0,134,986,316,122,169,7800,0,114,5413,237,2169,151,154,11,
0,
14,22,14,14,11,114,107,261,483,6851,107,5601,275,134,986,262,4959,475,31,
821,22,114,1225,200,119,4959,11,
0,
14,22,14,15,11,114,4959,376,22,186,273,163,5501,122,141,3035,0,114,2169,122,141,
2169,23,235,250,132,1928,821,0,1103,235,189,1629,307,122,259,11,
0,
14,22,14,16,11,2342,31,259,250,687,525,114,881,0,114,250,752,421,119,
169,842,22,114,266,250,132,524,129,316,2169,11,
0,
14,22,14,17,11,114,266,300,639,3828,22,119,790,0,4959,114,169,842,22,114,300,166,
6129,11,
0,
0,118,2250,15,
0,
107,5856,4,49,5115,11,107,800,122,265,427,7504,11,322,5753,11,
107,2579,122,31,0,2724,11,
0,
15,22,13,11,273,107,5856,189,301,4968,308,430,122,107,5571,122,107,1034,
275,107,261,483,229,500,11,114,134,376,119,107,821,22,414,383,483,
5113,125,0,140,125,359,166,1602,122,589,3237,122,8633,25,
0,
15,22,14,11,114,107,821,3468,188,0,2609,22,122,107,3741,122,107,4731,140,
248,129,8633,172,185,1602,22,
0,
15,22,15,11,178,122,107,3741,122,107,3237,275,163,129,107,7373,122,8633,0,483,
383,5113,351,140,172,359,166,1602,23,114,140,172,359,166,1074,
154,0,2122,1974,172,882,11,
0,
15,22,16,11,114,107,5856,376,119,107,821,22,128,0,125,250,166,882,107,560,11,
0,
15,22,17,11,151,483,563,317,140,129,207,442,6026,125,250,1602,5295,0,
183,554,250,132,4118,22,114,125,250,132,168,1196,0,2965,279,114,
3381,11,
0,
15,22,18,11,114,107,821,801,140,107,3237,189,279,119,1602,0,114,545,119,107,
554,0,114,2411,461,119,1689,22,114,235,986,122,107,3741,5295,0,114,
343,1602,0,114,1122,119,200,1102,0,313,343,1602,11,
0,
15,22,19,11,114,107,554,122,309,639,300,4118,22,114,276,266,8183,
1614,119,132,3828,0,266,7863,124,1124,2175,3142,0,114,500,
1614,681,8814,11,
0,
114,107,554,0,9726,11,11,11,166,140,266,300,2467,487,0,5,151,107,821,801,
140,107,3237,189,545,119,107,554,0,1518,11,18,11,6,450,396,140,322,554,
300,4118,119,430,301,2665,2422,122,279,23,178,721,119,107,
4916,5671,122,1204,1242,107,279,122,8014,773,114,
6732,0,114,8153,934,107,3174,3381,122,1529,11,262,3216,3333,31,
1139,122,322,556,3828,23,275,266,6693,166,487,23,1103,556,
273,439,7489,122,8014,773,0,266,1656,1856,119,132,1539,119,107,
7728,4283,830,122,107,2169,11,
0,
15,22,20,11,114,276,266,903,107,1299,122,107,261,483,4317,129,8633,
211,107,3664,1147,0,4959,114,169,842,2655,1614,262,107,651,122,
107,261,483,0,0,145,107,4731,122,8633,11,
0,
15,22,21,11,114,107,261,483,1928,4959,0,114,376,119,188,22,365,544,181,25,
0,
15,22,13,12,11,114,134,376,22,39,903,238,1299,129,8633,23,114,39,189,3267,0,
1103,39,189,3828,0,114,39,2655,661,11,
0,
15,22,13,13,11,114,134,376,119,188,22,114,313,383,1077,288,140,181,3344,3828,0,
178,140,181,590,6331,122,107,3237,3329,39,5113,288,140,181,
3589,166,1602,25,
0,
15,22,13,14,11,114,4959,376,22,107,821,0,851,181,1977,5975,157,119,132,141,4380,0,
1122,157,122,107,3237,0,114,39,343,1602,11,
0,
15,22,13,15,11,114,107,261,483,376,119,107,821,22,414,590,181,596,186,25,114,
235,3468,22,107,5856,7372,157,0,114,39,343,1602,11,
0,
15,22,13,16,11,114,107,261,483,376,119,107,5856,22,1103,181,590,596,186,
845,0,181,544,5267,1604,219,9020,0,114,5571,122,107,1034,22,367,
238,2002,1316,181,224,0,114,1034,1316,181,1602,219,107,1312,122,238,
531,11,
0,
15,22,13,17,11,39,210,600,7465,1834,1035,288,114,107,821,0,114,238,7463,114,
200,7463,22,235,250,5713,238,572,0,114,181,1316,791,129,3127,151,200,
7454,11,
0,
235,250,5713,11,11,11,0,75,0,107,821,23,179,6828,122,107,4807,952,186,
698,0,0,2238,119,107,4926,109,22,1410,952,154,0,268,0,9128,11,0,107,7463,11,
107,1716,163,107,826,22,151,154,163,223,200,7463,0,5776,170,2251,0,140,107,
821,5713,112,107,5856,4,49,572,11,
0,
15,22,13,18,11,119,107,821,2350,134,376,22,39,210,0,175,238,4905,0,114,238,
0,830,22,129,1352,1316,181,837,995,1845,0,114,181,1316,
132,587,238,1102,4,49,949,0,114,134,250,194,8226,197,597,288,11,
0,
15,22,13,19,11,114,119,4959,134,376,22,1103,181,590,0,885,119,107,1299,122,
238,842,0,114,590,6331,122,107,3237,0,3329,39,5113,288,0,140,
181,3589,166,1602,0,5267,163,107,1034,129,238,950,22,158,1897,114,
5784,1316,181,1602,5295,219,107,1312,122,238,531,11,
0,
15,22,13,20,11,8479,114,186,4447,250,154,837,995,119,288,0,114,181,1316,
1602,107,9878,122,107,1034,11,
0,
15,22,13,21,11,129,107,4111,122,238,651,1316,181,1602,3351,713,181,962,119,
107,1034,307,122,275,181,3344,1629,22,151,2555,181,544,0,114,475,2555,
181,1316,962,11,
0,
15,22,14,12,11,114,4959,1928,107,638,122,169,842,9105,22,1103,235,189,107,
881,122,219,107,2025,11,
0,
15,22,14,13,11,114,107,261,483,500,151,4959,114,169,842,4521,122,49,9844,0,114,
2125,124,309,11,
0,
15,22,14,14,11,114,134,376,22,1689,4959,163,1714,168,316,122,351,0,2965,279,114,
3381,22,273,737,2122,1974,134,600,995,169,375,114,458,2350,122,
107,3237,122,531,0,114,1602,0,114,792,151,387,11,
0,
1689,4959,0,9726,11,11,11,186,189,3129,223,539,122,0,7126,188,158,169,
2367,0,129,0,1167,31,2422,140,555,384,188,333,119,483,11,
0,
15,22,14,15,11,114,107,261,483,1055,188,307,122,107,8633,122,1720,0,119,713,
107,1034,262,275,134,189,1629,11,
0,
15,22,14,16,11,114,134,1209,307,4959,22,114,6234,487,107,8633,122,1720,
0,1380,0,114,31,400,4496,1021,0,3558,589,539,0,119,635,107,539,122,
107,3237,122,531,11,
0,
0,118,2250,16,
0,
107,4172,122,33,196,114,5908,11,
0,
16,22,13,11,114,4959,1007,9105,169,842,23,313,1801,2186,114,1225,995,33,196,0,
2609,22,39,194,37,2587,31,259,855,483,11,
0,
16,22,14,11,114,372,235,1225,995,169,641,5908,11,114,5908,189,31,
2262,0,114,33,196,31,1102,501,11,
0,
16,22,15,11,114,154,747,119,735,579,707,1312,0,140,33,196,7758,0,122,107,
9175,854,122,107,1034,0,4689,119,107,261,11,
0,
16,22,16,11,5908,2350,7758,122,107,427,7263,122,169,6993,0,114,122,322,2107,22,
114,107,261,229,1929,119,5908,0,114,119,169,2030,486,11,
0,
229,1929,11,11,11,140,163,0,0,124,169,9708,122,169,6754,5,168,
1408,262,31,437,835,122,7512,6,22,114,140,0,168,172,373,3046,0,223,
347,1569,1012,5880,0,407,168,8660,953,262,607,367,169,2030,486,11,
0,
16,22,17,11,178,119,33,196,114,169,2030,486,134,229,128,1929,22,114,33,196,189,
6425,2617,0,114,169,3492,719,11,
0,
16,22,18,11,114,107,261,376,119,188,22,414,544,181,2617,25,114,414,163,238,
3492,4897,25,
0,
16,22,19,11,232,181,185,328,0,1316,181,166,2787,25,178,232,1054,0,250,166,1529,
7182,132,763,211,107,1181,25,178,107,2088,5295,250,132,587,
288,0,114,181,1316,194,8226,197,597,154,11,
0,
16,22,20,11,114,33,196,376,119,5908,169,641,22,299,351,224,995,3694,11,114,276,
266,300,129,107,1485,0,33,196,2539,237,676,169,641,5908,0,114,5313,
188,11,
0,
16,22,21,11,114,107,261,376,119,33,196,22,365,163,238,641,5908,25,114,134,
3468,22,39,317,166,22,282,39,141,641,4,49,3060,25,
0,
16,22,13,12,11,114,134,376,119,188,22,207,590,181,596,25,107,1299,122,238,
641,4,49,574,9100,1275,119,157,262,107,1034,11,
0,
16,22,13,13,11,273,737,5267,1316,181,132,367,107,1034,0,275,383,
4118,200,1424,114,3752,107,574,122,238,641,211,238,375,11,
0,
16,22,13,14,11,276,181,1316,713,154,0,154,250,166,1611,119,288,1276,3741,22,31,
0,5288,114,31,0,1308,1316,181,132,367,107,1034,11,
0,
16,22,13,15,11,114,33,196,376,119,107,261,22,141,9790,163,2610,308,140,39,373,
3789,1250,11,
0,
16,22,13,16,11,1689,181,1037,1209,157,307,186,442,262,107,651,122,107,1034,0,
114,262,238,651,39,250,132,2655,0,114,39,250,132,31,0,1308,114,31,
0,5288,173,107,1034,22,589,316,737,140,714,1275,157,0,250,984,
157,11,
0,
589,316,140,714,1275,157,250,984,157,11,11,11,169,2954,2361,500,
188,569,169,536,3466,114,0,4650,23,122,851,0,223,186,412,0,240,555,
132,31,279,3016,367,107,1034,23,275,229,273,9962,907,13,15,12,1180,23,
168,373,132,0,2472,262,6931,11,17,11,15,0,571,2324,158,1783,11,16,11,14,17,0,606,129,
107,0,474,2625,1492,129,107,0,1289,0,721,33,196,114,5908,248,
5488,11,
0,
16,22,13,17,11,114,107,261,376,119,188,22,128,0,154,250,166,179,132,22,178,313,6026,
250,984,33,196,0,250,132,2758,1705,2645,7119,11,114,107,261,684,31,1176,
367,33,196,0,140,313,6026,1043,188,359,166,984,188,11,
0,
684,31,1176,0,9726,11,11,11,107,301,1472,2528,122,107,9049,2314,122,1760,
2666,1004,3651,186,1176,119,194,413,31,5758,122,107,1108,23,243,31,
6316,114,0,401,129,169,3492,11,
0,
16,22,13,18,11,114,33,196,987,307,262,107,651,122,107,261,0,114,7624,1498,168,31,
0,5288,173,107,1034,211,107,2824,1161,122,35,2445,11,
0,
16,22,13,19,11,114,33,196,1007,169,842,0,114,235,1801,2186,0,114,1225,995,
0,143,22,114,134,6851,31,2128,0,114,1928,107,638,5295,223,107,638,122,
169,603,0,143,11,
0,
169,842,11,11,11,235,189,31,776,122,4959,0,114,33,196,4,49,536,1029,23,483,
0,4142,158,407,340,9182,129,107,4027,122,107,623,0,168,6978,
426,166,3909,132,0,809,11,134,6851,31,2128,0,9128,11,11,11,129,4152,122,
412,0,276,169,6938,189,0,2406,0,179,168,119,132,0,4651,992,119,
1113,154,11,151,129,107,707,1916,1180,134,3772,0,169,6938,555,132,
0,2406,523,119,7213,11,
0,
16,22,13,20,11,114,0,143,6688,2335,171,0,114,2335,171,6688,0,6144,0,114,0,6144,6688,
0,6144,0,114,0,6144,6688,7100,143,0,
0,
16,22,13,21,11,313,986,524,4047,22,107,638,122,107,316,189,0,75,0,114,107,638,122,
107,465,49,996,11,
0,
16,22,14,12,11,114,0,75,1225,995,40,5908,22,313,189,107,525,122,407,168,3113,
129,7836,0,114,122,0,905,11,
0,
16,22,14,13,11,114,169,641,4,49,638,189,0,164,22,134,189,107,525,122,309,140,
819,367,107,8934,114,107,5235,593,11,
0,
16,22,14,14,11,49,996,2350,1225,995,0,196,0,313,189,31,6836,105,114,
0,5694,129,589,950,122,6533,114,2776,11,114,107,1029,122,0,196,
189,0,75,11,
0,
16,22,14,15,11,114,7100,143,376,119,169,4047,0,75,114,49,996,22,521,141,1299,0,877,
4047,122,7100,143,0,521,1179,119,141,1931,22,151,39,194,2351,31,259,119,107,
0,2510,122,661,0,114,31,8940,956,119,141,536,5710,2325,11,
0,
39,194,2351,31,259,0,9726,11,11,11,154,163,107,8587,925,122,107,0,4650,0,140,
7100,143,129,6594,5313,33,196,0,742,937,188,151,31,1958,2191,23,114,140,
1204,6729,207,134,229,596,0,134,1039,179,0,9993,107,1182,0,
223,851,134,189,2742,475,140,4729,0,140,134,2399,122,107,3397,11,
0,
16,22,14,16,11,2645,7119,4288,250,132,1629,151,33,196,22,178,151,7100,143,
0,1347,1184,2645,7119,11,
0,
16,22,14,17,11,4959,2350,1007,169,842,372,22,114,235,1225,995,31,603,0,114,
1928,169,638,49,1275,0,2609,22,483,383,1492,157,647,7463,151,5908,0,
851,33,196,5313,11,
0,
16,22,14,18,11,178,119,49,1275,2350,189,1281,31,603,0,851,134,1928,215,615,22,186,259,
1856,119,530,367,107,638,122,107,261,11,
0,
1856,119,530,367,0,9726,11,11,11,166,140,4959,114,49,1275,229,166,1928,367,
483,0,487,107,2488,122,215,615,23,178,140,215,615,2622,301,9359,129,107,
2537,114,0,401,122,483,11,
0,
0,118,2250,17,
0,
107,0,5436,0,1479,0,114,560,122,107,0,70,0,262,4959,119,44,9478,11,107,
6212,401,122,0,143,11,
0,
17,22,13,11,186,163,107,1435,122,107,7356,122,4959,11,129,107,442,140,483,
7376,259,0,134,500,188,119,107,5860,122,483,11,
0,
17,22,14,11,134,7376,309,6821,114,7238,23,114,2862,309,22,114,1928,322,
638,4959,0,129,107,442,276,266,300,7376,11,
0,
17,22,15,11,114,4959,3772,31,1916,114,3135,1180,0,114,6688,31,603,119,169,
536,4232,114,5860,0,114,1928,169,638,49,1275,11,
0,
17,22,16,11,114,107,1312,122,4959,0,579,134,6688,49,1275,0,300,3316,1916,
1180,22,114,134,6688,2003,114,4238,11,
0,
17,22,17,11,114,219,107,412,140,4959,3772,0,747,119,2957,1916,114,3135,
1180,0,114,134,2399,11,
0,
17,22,18,11,49,1275,2350,3772,31,1916,114,1528,1180,0,114,6688,215,615,11,
0,
17,22,19,11,114,49,1275,3772,579,134,6688,215,615,0,3316,1916,114,2645,1180,0,
114,6688,2003,114,4238,11,
0,
17,22,20,11,114,219,107,1312,122,49,1275,300,2957,1916,114,3460,1180,0,114,134,
2399,11,
0,
17,22,21,11,114,215,615,3772,5277,2069,1180,0,114,6688,0,121,11,
0,
17,22,13,12,11,579,693,2488,134,3772,3316,1916,114,6222,1180,0,114,
6688,2003,114,4238,11,
0,
17,22,13,13,11,114,219,107,1312,122,215,615,300,2957,1916,114,1528,1180,0,114,134,
2399,11,
0,
17,22,13,14,11,114,0,121,3772,0,1347,1180,0,114,6688,0,355,11,
0,
17,22,13,15,11,114,0,121,3772,579,134,6688,0,355,0,3316,1916,114,4819,
1180,0,114,6688,2003,114,4238,11,
0,
17,22,13,16,11,114,219,107,1312,122,0,121,300,2957,1916,114,1426,1180,0,114,134,
2399,11,
0,
17,22,13,17,11,114,0,355,3772,8973,10,1528,1180,114,6688,40,2324,11,
0,
17,22,13,18,11,114,0,355,3772,579,134,6688,40,2324,0,3316,1916,114,3135,
1180,0,114,6688,2003,114,4238,11,
0,
17,22,13,19,11,114,219,107,1312,122,0,355,300,3316,1916,114,5277,2069,10,1528,
1180,0,114,134,2399,11,
0,
17,22,13,20,11,114,40,2324,3772,31,1916,114,8973,10,524,1180,0,114,6688,0,143,11,
0,
17,22,13,21,11,114,40,2324,3772,579,134,6688,0,143,0,3316,1916,1180,0,114,
6688,2003,114,4238,11,
0,
17,22,14,12,11,114,219,107,1312,122,40,2324,300,2957,1916,114,8973,10,524,1180,0,
114,134,2399,11,
0,
17,22,14,13,11,114,0,143,3772,8973,10,1528,1180,0,114,6688,43,75,11,
0,
17,22,14,14,11,114,0,143,3718,158,483,22,114,3772,579,134,6688,43,75,0,
789,1916,1180,0,114,6688,2003,114,4238,11,
0,
17,22,14,15,11,114,219,107,1312,122,0,143,300,789,1916,114,8973,10,1528,
1180,11,
0,
17,22,14,16,11,114,134,3718,158,483,0,114,189,946,128,301,22,1103,483,986,
188,11,
0,
17,22,14,17,11,114,43,75,3772,31,1916,114,0,565,10,2645,1180,0,114,6688,
7100,143,11,
0,
17,22,14,18,11,114,43,75,3772,579,134,6688,7100,143,0,2645,1916,114,
0,565,10,524,1180,0,114,6688,2003,114,4238,11,
0,
17,22,14,19,11,114,219,107,1312,122,43,75,300,2957,1916,114,8973,10,2957,
1180,0,114,134,2399,11,
0,
17,22,14,20,11,114,7100,143,3772,31,1916,114,0,565,10,524,1180,0,114,6688,31,603,11,
0,
17,22,14,21,11,114,134,1928,169,638,44,9478,0,2609,22,186,826,250,1335,351,
262,107,6074,114,8978,122,265,807,173,107,1034,0,275,107,261,
383,5267,11,
0,
17,22,15,12,11,114,7100,143,3772,579,134,6688,44,9478,0,1528,1916,114,5277,2069,10,1528,
1180,0,114,6688,2003,114,4238,11,
0,
17,22,15,13,11,114,219,107,1312,122,7100,143,747,119,2645,1916,114,0,1347,10,2645,
1180,0,114,134,2399,11,114,44,9478,0,276,134,189,1528,1916,1180,520,0,6688,
49,287,0,1358,0,114,0,1275,11,
0,
0,118,2250,18,
0,
259,4,49,1529,163,107,1132,122,107,0,208,11,44,9478,163,5113,119,3279,107,646,11,
0,
18,22,13,11,114,579,140,479,1856,119,132,0,2406,367,107,1034,0,114,
4238,300,1281,119,309,0,
0,
18,22,14,11,107,2003,122,483,2712,107,4238,122,479,0,140,266,300,545,0,
986,119,1614,4047,122,219,275,266,6395,11,
0,
107,2003,122,483,11,11,11,107,4231,1373,122,49,1275,114,215,615,248,314,1928,2003,
122,483,262,322,7579,114,46,4574,22,8346,107,0,175,6938,122,33,196,0,
313,223,322,0,164,5052,969,1707,9693,367,107,1034,0,248,1928,
107,1845,122,479,11,107,4916,6755,122,107,3192,0,1295,158,
107,6370,0,3927,119,132,31,5631,119,2251,2199,119,132,489,0,868,
129,322,340,9182,23,114,166,119,1857,1614,119,132,7071,129,
322,3249,223,322,0,164,2273,0,119,107,0,386,122,1721,243,
7579,11,
0,
18,22,15,11,114,483,376,22,141,1337,250,166,2521,129,259,151,387,0,1103,
134,163,2169,0,114,169,1312,250,132,31,1916,114,1508,1180,11,
0,
169,1312,250,132,0,9726,11,11,11,107,2576,163,0,140,259,4,49,1312,0,275,487,
107,3647,300,8101,21,12,12,1180,0,359,273,132,1067,4154,119,13,14,12,1180,11,243,
1033,0,140,483,274,3743,479,186,5045,122,13,14,12,1180,0,151,322,
3556,357,114,3869,197,0,487,134,274,1269,107,0,208,11,
0,
18,22,16,11,273,802,1373,300,367,107,1034,129,686,1312,11,151,579,107,2003,122,
483,987,129,119,107,4238,122,479,0,114,266,1225,995,1845,0,
411,248,107,2624,479,122,520,0,479,122,3922,11,
0,
802,1373,11,11,11,154,163,3871,107,1183,2338,122,479,487,107,3647,300,122,31,
0,6278,161,4212,129,6913,158,207,479,273,248,11,178,411,314,
3129,122,248,1928,802,1373,0,168,556,166,721,4041,129,161,4212,0,178,
3690,114,4913,129,322,6014,3584,0,114,1796,9581,122,6731,
114,2088,11,
0,
18,22,17,11,114,483,2712,140,107,3211,459,122,479,189,452,173,107,1034,0,
114,140,219,107,522,122,322,437,189,3388,367,3381,211,219,1184,0,
0,
18,22,18,11,154,640,2460,188,140,134,229,500,259,173,107,1034,11,114,556,
5193,5157,175,158,1352,122,437,0,
0,
154,640,2460,188,0,9726,11,11,11,483,0,313,163,0,485,0,163,166,5809,122,
3556,357,0,1322,0,243,430,465,2273,11,178,411,1906,830,248,2622,
119,3704,397,107,4655,393,122,107,5358,122,479,0,275,189,179,4309,2582,168,119,
6235,322,2042,2166,119,3604,411,169,4433,0,851,487,134,
229,179,464,8965,11,
0,
18,22,19,11,134,376,22,39,210,3604,259,0,851,39,194,7376,0,262,107,651,122,
107,1034,0,262,259,523,119,5571,0,262,107,0,3206,845,523,119,107,
5353,1300,122,107,1147,0,151,154,3556,1275,157,140,39,194,500,309,11,
0,
18,22,20,11,178,44,9478,1043,773,487,107,261,11,
0,
18,22,21,11,411,248,107,1183,1454,122,44,9478,22,44,9478,189,31,751,114,2665,259,129,
169,1183,1454,0,134,3718,158,483,11,
0,
18,22,13,12,11,114,134,6688,789,2003,0,49,287,0,1358,0,114,0,1275,11,
0,
18,22,13,13,11,114,107,1034,189,7395,487,483,0,114,189,5413,158,
9790,11,
0,
18,22,13,14,11,114,276,483,229,946,140,107,1034,189,7395,5,151,219,2169,
229,7395,1276,539,367,107,1034,6,0,
0,
18,22,13,15,11,134,376,119,44,9478,22,107,659,122,219,2169,163,304,487,157,0,107,1034,
163,5413,158,9790,855,309,0,114,39,210,3604,309,158,107,
1034,11,
0,
18,22,13,16,11,384,288,182,646,122,9467,9840,336,7452,22,181,1316,384,584,6187,129,
107,646,0,114,181,1316,4207,154,824,114,772,11,
0,
18,22,13,17,11,114,634,1316,181,384,154,11,107,3422,122,107,646,250,132,789,
1916,7623,854,22,107,3351,120,122,154,4130,7623,854,0,114,107,4594,122,154,
3135,7623,854,11,
0,
789,1916,7623,854,0,9726,11,11,11,107,646,0,3851,119,107,0,830,314,
684,496,0,7328,1134,1916,114,4130,1094,5666,7623,854,23,275,
189,301,308,992,119,5457,219,107,7508,122,2025,4433,0,158,
219,2905,3440,830,22,523,8652,107,7623,854,314,3129,122,119,
194,413,721,31,1547,114,31,1078,1203,0,275,189,107,2029,284,122,
7623,854,11,
0,
18,22,13,18,11,181,1316,384,31,2267,129,107,646,0,114,129,31,7621,6651,1316,181,
7205,107,2254,122,154,22,114,107,1181,122,107,646,181,1316,684,129,107,
1161,22,158,4541,0,3820,5733,0,114,1409,161,9489,1316,181,384,154,11,
0,
18,22,13,19,11,1689,0,39,210,837,107,5580,122,31,452,3647,367,107,1034,0,
119,3604,219,2169,0,2317,163,107,993,122,531,587,607,11,219,
1027,140,248,129,107,1034,250,132,665,5169,11,
0,
18,22,13,20,11,114,39,210,4847,141,0,241,158,288,0,114,181,1316,334,
475,107,646,0,181,114,238,2003,0,114,238,842,0,114,107,4047,122,238,2003,
158,288,11,
0,
18,22,13,21,11,114,122,589,2025,2839,122,219,2169,0,181,1316,837,524,122,
31,1757,475,107,646,0,140,266,373,792,158,288,22,122,107,6821,4145,0,114,
107,7238,11,
0,
18,22,14,12,11,122,5353,1300,3851,119,322,765,0,114,122,5571,129,322,765,0,114,
122,589,845,140,4479,1275,173,107,1034,3851,119,1276,765,22,524,122,
589,1757,250,224,129,158,288,0,140,266,373,792,11,
0,
18,22,14,13,11,181,1316,458,978,288,122,219,2933,140,373,132,6331,0,114,181,
1316,969,154,237,158,288,22,114,154,250,132,2933,151,288,114,309,11,
0,
18,22,14,14,11,114,44,9478,343,219,1027,275,483,5113,188,11,
0,
0,118,2250,19,
0,
44,9478,158,169,4428,224,475,107,646,11,107,0,208,0,906,107,1034,11,
0,
19,22,13,11,114,107,261,376,119,188,22,224,129,0,181,114,219,238,617,0,475,107,
646,22,151,288,39,194,946,751,487,157,129,186,7356,11,
0,
19,22,14,11,122,219,3912,5571,458,2645,114,2645,0,107,6821,114,107,7238,11,
0,
122,219,3912,11,11,11,107,0,197,122,3912,114,9631,5571,4120,119,
194,413,500,487,107,948,122,43,3651,0,275,189,166,0,809,713,
107,2035,122,107,623,14,17,13,16,11,
0,
19,22,15,11,178,122,107,5571,140,248,9631,524,114,524,0,107,6821,114,107,
7238,11,122,107,5353,1300,2350,122,107,1147,2645,114,2645,0,107,6821,114,107,
7238,22,140,7463,373,132,6167,367,107,651,122,107,1507,1034,11,
0,
19,22,16,11,151,396,31,880,0,114,579,2645,1312,0,39,210,2690,367,107,1034,
4819,1312,114,4819,4561,22,114,39,210,3604,589,5131,140,39,
194,500,0,262,107,651,122,107,1034,11,
0,
19,22,17,11,114,44,9478,343,219,1027,275,107,261,229,5113,188,11,
0,
19,22,18,11,114,134,189,1797,1916,1180,520,0,276,107,5580,122,107,3647,
0,2326,107,1034,11,
0,
19,22,19,11,114,44,9478,987,129,114,169,2003,0,169,842,114,107,4047,122,169,2003,
158,188,475,107,646,0,1103,122,107,5580,122,107,3647,11,
0,
19,22,20,11,114,122,5571,3912,114,9631,0,114,122,5353,1300,0,114,122,589,845,
140,4055,1275,367,107,1034,0,
0,
19,22,21,11,524,114,524,987,129,119,44,9478,475,107,646,0,6821,114,7238,0,168,107,
261,229,5113,44,9478,11,
0,
19,22,13,12,11,114,579,107,2645,1312,300,2771,0,107,5580,122,107,3647,
0,2326,107,1034,11,
0,
19,22,13,13,11,129,107,1797,1916,120,2035,122,107,531,122,44,9478,0,129,107,729,2479,0,
129,107,0,120,442,122,107,2479,0,219,107,5774,1496,122,107,452,1355,
300,2732,237,0,114,107,0,1068,122,607,300,4118,22,
0,
19,22,13,14,11,114,107,2690,719,367,107,1034,4819,1312,114,4819,4561,11,
0,
19,22,13,15,11,129,107,0,295,442,44,9478,0,114,49,287,0,114,1358,0,114,0,1275,0,169,2003,22,
169,842,0,114,107,789,4047,122,169,2003,158,309,0,987,475,107,646,11,
0,
19,22,13,16,11,266,114,589,2191,3851,119,1276,765,0,114,219,107,9020,129,
322,765,0,114,589,845,140,4055,1275,367,107,1034,0,3851,119,1276,
765,0,114,589,7409,3851,119,1276,765,0,219,4527,0,114,219,140,1393,0,
0,
19,22,13,17,11,987,129,119,44,9478,475,107,646,0,524,114,524,122,219,2169,0,2317,189,
107,993,122,531,11,
0,
19,22,13,18,11,114,266,140,987,129,0,987,129,6821,114,7238,122,219,2169,0,168,
483,229,5113,188,22,114,107,261,2459,188,129,173,107,3348,11,
0,
19,22,13,19,11,114,107,3647,189,4819,1312,367,107,1034,22,114,107,5580,
4077,3673,0,114,8453,237,107,646,173,758,262,107,1034,11,
0,
19,22,13,20,11,151,266,0,2326,7793,22,114,5413,219,173,107,651,122,107,
1034,22,114,107,646,189,3653,367,107,5580,11,
0,
19,22,13,21,11,114,107,5580,0,4013,2765,2915,367,107,1034,22,114,219,
107,758,7378,587,107,1507,607,300,6343,11,
0,
19,22,14,12,11,107,1463,189,6222,7623,854,4671,308,107,7378,275,154,
6343,11,
0,
19,22,14,13,11,114,219,2169,189,7218,140,4179,367,107,1034,0,639,122,
7409,114,122,9020,0,114,122,5571,0,114,122,219,0,3206,1027,140,4479,
367,107,1034,22,114,219,479,11,
0,
19,22,14,14,11,114,219,1027,2317,240,163,107,993,122,531,173,107,1034,0,
2399,11,
0,
19,22,14,15,11,114,134,7218,219,107,5131,140,189,367,107,1034,0,262,
259,523,119,2191,0,114,107,0,3206,1027,114,5353,1300,122,107,1147,22,114,
266,300,7218,262,107,1034,22,114,44,9478,721,5389,0,114,266,140,
300,158,188,129,107,646,11,
0,
19,22,14,16,11,114,107,5580,0,4013,367,107,1034,31,1916,114,4130,1312,11,
0,
0,118,2250,20,
0,
107,0,208,0,1275,11,44,9478,224,1275,307,122,107,646,0,114,2030,1275,31,6754,11,
483,4,49,0,241,119,188,11,
0,
20,22,13,11,114,483,4520,44,9478,0,114,219,107,2025,4433,0,114,219,107,
9020,275,300,158,188,129,107,646,0,114,1225,31,805,367,107,
1034,0,114,107,5580,300,377,809,22,
0,
20,22,14,11,107,5774,1496,2350,122,107,1355,0,114,107,0,1068,122,607,0,300,
2459,237,0,114,107,2690,262,607,189,6833,1998,11,
0,
20,22,15,11,114,107,5580,2214,262,424,107,1034,1145,114,1408,22,114,
266,1856,119,132,377,809,579,31,1916,114,4130,1312,11,
0,
20,22,16,11,114,107,646,48,2646,129,107,2645,120,2479,0,107,2645,114,9086,
442,122,107,2479,0,367,107,7378,122,0,498,11,
0,
20,22,17,11,114,107,5580,300,1145,114,0,5367,1661,107,1426,120,2479,22,151,
129,107,1426,120,2479,0,107,427,442,122,107,2479,0,107,8827,122,107,
7378,2861,11,
0,
20,22,18,11,114,579,140,4819,1312,300,2771,0,44,9478,5401,107,2267,122,
107,646,0,275,134,229,500,0,1055,995,31,4625,22,
0,
20,22,19,11,275,987,995,114,343,166,962,0,713,107,5580,300,7254,237,
367,107,1034,11,
0,
343,166,962,11,11,11,107,4625,343,166,962,475,107,646,23,178,5,168,154,373,
132,0,2472,262,107,0,1223,6,987,119,114,4764,23,2063,1145,119,107,
7378,0,365,154,1043,0,2699,119,2880,173,22,114,465,1184,
9264,0,119,787,367,107,2254,122,107,646,11,
0,
20,22,20,11,134,1055,995,2350,31,5983,579,188,0,119,361,232,107,5580,229,273,
8687,367,107,651,122,107,1034,11,
0,
20,22,21,11,178,235,166,5634,365,200,1547,555,787,0,2214,119,188,475,
107,646,22,151,107,5580,300,367,107,1507,1034,22,114,134,600,995,169,
375,0,114,3633,200,0,114,1225,200,475,107,646,11,
0,
20,22,13,12,11,114,1204,6841,396,2645,465,1312,0,134,372,1055,995,107,
5983,307,122,107,646,11,
0,
20,22,13,13,11,114,235,747,119,188,129,107,2798,6214,31,7424,122,182,0,325,
3237,0,158,2017,3142,0,129,200,1424,11,44,9478,737,4423,140,107,
5580,300,8687,367,107,1034,11,
0,
20,22,13,14,11,114,134,852,124,396,465,2645,1312,22,114,134,1055,995,107,5983,0,
275,2214,166,430,301,978,188,11,
0,
20,22,13,15,11,737,129,107,1797,1916,120,114,427,2035,0,107,427,2479,0,
107,427,442,122,107,2479,0,107,5580,300,1185,885,367,107,1034,0,114,
44,9478,5401,107,9341,122,107,646,0,1070,0,114,801,140,107,651,122,
107,1034,189,7254,11,
0,
20,22,13,16,11,129,107,729,2479,0,107,2645,114,9086,442,122,107,2479,0,107,
1034,189,7254,11,
0,
20,22,13,17,11,114,483,1841,119,44,9478,0,2609,22,
0,
20,22,13,18,11,224,307,122,107,646,0,181,114,238,842,0,238,2003,114,107,4047,122,
238,2003,158,288,11,
0,
20,22,13,19,11,219,2025,1027,140,248,158,288,122,219,2169,0,168,328,129,
5353,1300,168,129,5571,0,114,219,0,3206,1027,140,4479,367,107,1034,0,
837,307,158,288,0,114,224,877,367,107,1034,22,5581,114,0,175,
367,154,11,
0,
20,22,13,20,11,179,44,9478,987,307,0,134,114,169,2003,22,169,842,0,114,107,4047,122,169,
2003,158,188,11,
0,
20,22,13,21,11,114,219,2025,1027,0,114,9020,0,114,0,3206,1027,140,4479,
367,107,1034,0,3851,119,322,7508,987,307,122,107,646,11,
0,
20,22,14,12,11,114,44,9478,6851,182,7084,978,107,261,22,114,2509,122,219,9020,114,
5353,1300,140,300,3912,0,7758,0,689,367,107,7084,11,
0,
0,689,0,11,11,11,243,1507,5474,2030,486,11,129,275,107,1507,2506,155,189,
665,5169,223,953,367,483,4,49,7084,0,114,128,431,189,9727,151,107,1030,
122,2997,243,1113,11,
0,
20,22,14,13,11,114,107,261,0,3862,31,578,7680,0,114,376,22,39,210,128,301,
2749,107,1034,151,107,1782,122,259,22,151,107,5749,114,522,122,
259,4,49,437,248,176,277,119,3381,262,169,1182,22,737,39,210,128,301,
3604,589,2025,804,168,39,194,596,11,
0,
0,3862,0,9726,11,11,11,31,0,3117,4431,0,0,1167,140,483,189,328,
5321,158,107,5061,1784,275,169,766,7758,11,
0,
20,22,14,14,11,219,107,1312,122,107,1034,0,0,1310,114,7515,0,1254,114,3257,0,
2753,114,3244,0,535,114,442,0,250,166,4284,11,
0,
0,118,2250,21,
0,
483,0,1275,44,9478,22,0,1275,574,0,114,4623,1275,429,301,119,3604,
107,623,223,1463,11,107,4368,122,49,287,114,0,1275,11,
0,
21,22,13,11,114,483,2862,44,9478,114,169,2003,11,114,134,376,119,309,22,5581,0,
114,0,175,0,114,1947,107,1034,11,
0,
21,22,14,11,114,299,107,569,114,1846,122,125,132,367,219,107,5571,122,107,
1034,0,114,367,219,107,5353,1300,122,107,1147,0,114,219,140,1959,367,107,
1034,22,219,107,2429,112,122,107,1298,248,5201,475,183,375,11,
0,
21,22,15,11,114,589,845,140,4055,1275,0,114,3167,1275,250,132,3375,151,125,22,523,
168,107,2017,9878,194,39,5201,309,219,119,125,22,
0,
21,22,16,11,6399,140,2169,158,574,125,250,166,1602,11,
0,
21,22,17,11,151,39,210,6862,107,574,122,183,1597,211,107,375,122,589,
2191,0,114,211,107,375,122,259,0,211,107,375,122,589,259,0,114,122,169,
641,0,210,39,6862,107,531,122,259,11,
0,
21,22,18,11,313,6026,250,3864,259,4,49,574,0,169,574,250,132,3864,22,151,259,
189,500,119,107,4232,122,483,11,
0,
21,22,19,11,178,5581,125,114,0,175,0,114,224,367,107,1034,114,1947,154,11,
0,
21,22,20,11,634,2350,376,483,119,44,9478,0,114,119,169,2003,158,188,22,
0,
21,22,21,11,1689,39,210,4847,141,0,241,158,125,0,114,158,183,7463,
579,125,22,
0,
21,22,13,12,11,114,158,589,2025,804,140,163,158,125,0,168,328,129,219,4527,0,
168,129,9020,114,5571,122,107,1034,0,140,248,304,995,307,122,107,
646,0,114,129,219,107,5571,122,107,1034,11,
0,
21,22,13,13,11,39,210,4847,141,0,241,158,125,0,114,219,2169,250,132,128,
301,7218,158,107,5580,122,31,3647,0,1622,250,240,132,262,
5108,31,3647,119,3901,107,1034,11,
0,
21,22,13,14,11,114,483,376,22,186,163,107,1210,122,107,0,241,275,39,446,
1035,157,114,125,0,114,119,589,2025,804,140,163,158,125,0,151,
6360,1183,1454,11,
0,
21,22,13,15,11,39,210,684,141,2180,129,107,3850,0,114,154,250,132,107,1210,122,31,
0,241,1035,157,114,1035,107,1034,11,
0,
21,22,13,16,11,114,276,39,250,2697,107,3524,158,3850,0,141,2180,250,1066,129,
107,3850,22,
0,
21,22,13,17,11,114,39,210,1138,141,0,241,158,125,0,114,158,589,2025,
804,140,648,1275,2169,22,114,240,250,128,301,132,5580,122,31,3647,119,
3604,219,2169,11,
0,
21,22,13,18,11,114,107,2180,250,132,129,107,3850,0,114,39,250,361,154,0,114,250,
1138,107,7243,0,241,0,140,189,500,1035,483,114,589,
2025,804,122,219,2169,275,163,367,107,1034,11,
0,
21,22,13,19,11,114,483,376,119,44,9478,22,186,250,132,107,1210,122,107,0,241,0,275,
39,194,8228,0,1035,157,114,219,2169,367,107,1034,11,
0,
21,22,13,20,11,114,107,2003,122,44,9478,0,313,747,307,122,107,646,0,300,49,287,0,1358,0,114,
0,1275,22,114,1358,163,107,525,122,222,121,11,
0,
21,22,13,21,11,411,789,248,107,2003,122,44,9478,22,114,262,411,189,219,6978,
4183,597,107,1507,1034,11,
0,
21,22,14,12,11,114,44,9478,31,1102,501,1856,119,713,107,1491,0,114,9335,31,
7637,5153,11,
0,
21,22,14,13,11,114,4680,122,107,2533,189,500,2980,0,114,189,0,2472,129,169,
2808,11,
0,
2980,11,11,11,44,9478,223,107,3197,122,107,4807,189,166,2954,122,1529,0,129,
556,8905,223,2533,22,1103,134,1007,166,107,1864,122,154,11,
0,
21,22,14,14,11,275,276,1358,107,525,122,222,121,229,946,0,119,790,0,140,169,
525,4,49,3828,459,189,0,2472,0,134,1077,154,119,169,524,8260,
772,11,
0,
21,22,14,15,11,178,49,287,114,0,1275,600,31,4797,367,322,3974,0,114,1145,
6086,0,6343,107,3828,459,122,322,525,22,114,322,2895,300,
1945,534,0,114,266,801,166,322,525,4,49,3828,459,11,
0,
6343,107,3828,459,11,11,11,634,0,168,161,11,7149,2454,3771,42,11,15,17,23,5667,11,
33,11,14,14,0,172,3927,119,2697,107,3828,459,0,140,163,0,107,5358,0,122,265,
1337,1437,7504,114,0,726,11,
0,
21,22,14,16,11,114,44,9478,1221,937,262,107,2533,0,276,134,229,3753,207,169,
4778,603,229,596,119,188,0,
0,
21,22,14,17,11,134,376,22,5267,132,222,121,0,31,766,122,2450,250,134,132,978,
169,8260,11,
0,
5267,132,222,121,11,11,11,107,5718,0,168,328,168,107,7735,0,122,107,
0,70,0,300,4359,8562,22,114,186,129,2627,163,314,0,4449,223,
43,3651,0,151,107,1845,122,0,6144,0,313,300,119,1915,107,1213,122,
222,121,11,178,414,359,222,121,132,5267,151,169,525,4,49,2864,25,107,
0,4650,829,0,140,134,556,294,31,618,0,189,107,427,140,801,169,
7768,4,49,3828,459,0,114,1077,169,525,1358,122,154,23,114,8605,158,
188,129,5476,211,154,22,275,3494,367,188,0,1033,308,367,107,787,122,
107,1845,122,1358,0,186,4359,8562,2749,11,
0,
21,22,14,18,11,114,134,376,22,2862,132,107,261,483,122,49,287,0,132,222,121,169,
766,11,
0,
21,22,14,19,11,373,483,9407,0,1275,0,114,373,134,3113,129,107,7836,122,49,287,0,114,
222,121,132,169,766,11,
0,
21,22,14,20,11,114,44,9478,3772,579,107,3647,789,1916,114,4130,1180,11,
0,
21,22,14,21,11,114,219,169,1312,300,129,107,1507,2957,1916,114,4130,1180,22,
114,134,2399,11,
0,
0,118,2250,4252,
0,
107,0,5436,122,107,1845,122,44,9478,0,223,851,107,623,189,0,9143,
579,107,3647,11,
0,
13,12,22,13,11,411,248,107,1183,1454,122,107,2003,122,44,9478,22,49,287,0,1358,0,114,
0,1275,22,114,978,309,2003,300,1281,579,107,3647,11,
0,
13,12,22,14,11,107,2003,122,0,1275,22,224,2724,0,114,3051,1059,0,114,0,74,0,114,0,121,0,114,
0,164,0,114,0,143,0,114,6786,127,11,
0,
13,12,22,15,11,114,107,2003,122,224,2724,22,0,6782,114,0,203,114,0,75,11,
0,
13,12,22,16,11,114,107,2003,122,0,121,22,0,75,114,0,118,0,0,155,114,0,9855,11,
0,
13,12,22,17,11,223,411,300,6443,107,0,6262,122,107,438,1800,129,322,4276,0,
589,316,3851,119,169,983,114,322,0,2916,129,322,44,1454,11,
0,
107,0,6262,11,11,11,179,107,0,4650,1928,219,107,7910,8626,0,119,275,
266,987,223,4247,262,0,75,0,119,7483,0,5761,0,9916,0,9726,11,
0,
13,12,22,18,11,114,107,2003,122,1358,22,222,170,0,114,0,1530,0,114,0,120,0,114,222,121,11,
0,
13,12,22,19,11,114,107,2003,122,222,170,22,49,75,0,114,0,75,0,114,49,75,0,114,0,75,0,
114,49,75,11,107,2003,122,0,75,22,49,75,0,114,0,121,11,
0,
13,12,22,20,11,273,222,170,6688,0,9190,22,134,1856,119,132,2624,173,107,1034,11,
0,
13,12,22,21,11,114,134,189,31,5883,9770,487,107,261,11,1053,747,31,9422,22,
523,168,0,9190,107,5883,9770,487,107,261,11,
0,
31,5883,9770,11,11,11,166,122,5571,178,122,479,22,851,223,7192,114,5425,
134,1225,587,169,8226,197,11,114,407,134,189,0,166,721,129,107,2528,
122,479,0,178,487,107,261,0,140,163,0,129,169,1334,313,642,132,
7372,11,
0,
13,12,22,13,12,11,114,107,4027,122,169,2461,189,0,117,0,114,292,473,0,114,
1503,171,0,114,0,1025,129,107,1213,122,0,115,11,
0,
13,12,22,13,13,11,307,122,140,1213,747,995,3685,0,114,6851,5277,325,0,114,107,
3439,122,107,2128,0,114,222,2023,11,
0,
13,12,22,13,14,11,715,113,2350,1035,5277,325,114,222,2023,22,186,163,107,452,2128,11,
0,
13,12,22,13,15,11,114,0,1556,6688,0,155,0,114,0,155,114,0,155,0,0,155,11,
0,
13,12,22,