107,1760,0,1012,
0,
0,
0,
0,
0,809,262,107,0,109,0,7843,
0,
0,
0,2780,0,2324,158,107,0,1223,0,0,1902,0,
114,465,0,3584,129,6828,0,2001,
0,
0,
107,520,0,3395,
427,0,1705,223,107,1838,0,208,211,0,152,
75,0,82,0,0,92,3,0,99,
0,
114,
0,
107,609,0,3395,
427,0,1705,223,107,1838,0,208,211,0,1380,
75,0,82,0,0,93,
0,
0,
158,0,1454,
0,
0,
107,1507,0,1402,114,0,2780,0,2324,158,
107,0,109,0,7843,223,4805,897,0,926,
75,0,82,0,0,92,0,0,93,
0,
0,
0,
4172,
0,
0,
186,69,0,0,9833,757,262,0,912,0,3584,122,0,926,0,70,0,1402,0,152,0,
0,1380,0,197,122,107,1760,0,1012,0,129,0,96,1838,0,1800,0,707,262,
0,1854,0,8228,107,1838,0,208,122,0,152,0,0,74,0,0,428,0,0,0,263,0,
587,2515,0,0,1119,0,1709,0,0,7123,0,129,0,390,0,0,96,0,7149,9018,
1856,107,950,122,0,5013,182,1838,0,401,122,107,0,1012,151,
0,1263,0,263,0,107,427,407,0,401,475,0,2097,0,1234,0,
0,7479,300,2515,0,7123,0,897,0,137,0,3728,0,3203,0,114,
2515,0,6262,313,0,1402,0,0,3028,0,114,0,5034,0,0,0,109,0,70,
7120,0,107,0,208,0,1705,107,609,0,3395,211,0,1380,0,0,1380,0,0,112,0,0,
0,6648,0,129,0,93,855,878,0,2242,158,31,0,7118,114,0,5515,0,9829,0,
0,5154,6723,223,0,1844,0,0,7123,0,114,0,3203,0,4748,107,520,
0,3395,189,0,1705,211,0,152,129,524,2478,0,0,92,114,0,99,0,223,0,3162,
0,177,855,107,0,689,122,0,0,0,3203,0,294,0,1669,122,107,
0,3547,0,107,0,401,229,413,4982,487,107,3658,122,107,
609,0,3395,0,178,107,0,8659,189,0,124,2990,119,0,1349,
0,7640,0,107,7077,114,0,175,0,3700,119,107,0,109,0,7843,
6557,2742,119,107,1185,0,241,114,0,3290,777,114,0,4263,1609,1043,
129,107,0,401,0,129,347,0,1950,365,128,1838,491,0,124,107,
835,2576,122,107,0,109,0,31,0,109,491,189,0,3028,114,1276,2576,
0,2089,129,31,0,690,0,2529,0,9904,223,0,6169,0,707,122,411,
777,4748,1043,1472,9207,129,107,1838,0,409,0,0,7263,122,
2168,3423,114,107,0,6381,122,107,0,1380,248,7234,262,107,0,109,
0,7843,0,
0,
129,0,92,0,0,897,0,926,1856,31,0,111,0,4144,122,107,0,152,114,
0,1380,0,689,0,107,0,7263,114,0,5367,122,275,229,1714,0,2150,
0,280,129,107,1248,524,0,1988,782,107,0,1454,300,427,
0,4154,0,134,0,3028,107,8907,114,0,4154,31,301,0,165,0,138,0,
880,8649,0,3165,107,0,4095,122,0,0,0,109,0,70,0,689,0,186,
0,4144,2815,107,0,4648,0,382,0,0,216,6557,151,1838,3102,
0,6169,1661,107,9086,0,901,0,154,163,601,5461,7058,223,
707,151,1276,0,138,0,2529,154,163,273,8717,2622,151,0,1506,
0,3651,0,107,4943,0,5027,129,186,0,3497,0,925,248,6706,
0,3615,119,4805,0,926,0,
0,
0,
0,
0,
0,
4234,
0,
0,
107,520,0,3395,
0,
0,1435,122,0,118,
0,1435,122,0,170,
0,1435,122,0,2431,
0,1435,122,3998,
0,1435,122,0,6152,
0,1435,122,0,1949,
0,1435,122,0,2123,
0,1435,122,8163,
0,427,1435,122,0,2448,0,0,5224,13,2396,
0,729,1435,122,0,2448,0,0,5224,14,2396,
0,1409,1435,122,2396,
0,4161,1435,122,2396,
0,427,1435,122,0,4869,
0,729,1435,122,0,4869,
0,427,1435,122,0,127,
0,1435,122,0,5224,0,0,5224,14,0,127,
0,1435,122,0,5224,
0,1435,122,0,570,
0,1435,122,0,212,
0,1435,122,6680,
0,1435,122,0,1380,
0,1435,122,0,1921,
0,0,9829,
0,0,3480,0,70,0,4722,122,0,1613,
0,1435,122,2718,
0,0,2431,
0,0,9832,122,0,5224,
0,0,9832,122,0,5224,
0,0,1454,122,0,5224,
0,0,9832,122,0,403,
0,0,9832,122,0,355,
0,0,9832,122,0,4635,
0,0,9832,122,0,616,
0,0,9832,122,0,355,
0,0,9832,122,0,615,
0,0,9832,122,0,5224,
0,0,9832,122,0,127,
0,0,9832,122,0,127,
0,0,9832,122,0,268,
0,0,9832,122,0,605,
0,0,9832,122,0,5224,
0,0,9832,122,0,170,
0,0,9832,122,0,5224,
0,0,9832,122,0,5224,
0,427,1435,122,0,112,
0,729,1435,122,0,112,
0,
0,
107,609,0,3395,
0,
0,0,355,3851,119,145,0,6903,
0,0,355,3851,119,145,0,1176,
0,0,355,3851,119,145,0,0,174,
0,0,355,3851,119,145,0,878,
0,5810,122,107,0,4447,
0,0,1163,122,145,0,3029,119,107,4331,
0,427,0,1163,122,145,0,3029,119,107,0,2199,
0,729,0,1163,122,145,0,3029,119,107,0,2199,
0,0,1163,122,145,0,3029,119,107,0,2199,
0,0,1163,122,145,0,3029,119,107,0,2199,
0,0,1163,122,145,0,3029,119,107,0,2199,
0,0,1163,122,145,0,3029,119,107,0,2199,
0,427,0,1163,122,145,0,3029,119,107,0,2199,
0,729,0,1163,122,145,0,3029,119,107,0,2199,
0,427,0,1163,122,145,0,3029,119,0,77,
0,729,0,1163,122,145,0,3029,119,0,77,
0,0,1163,122,145,0,3029,119,1677,
0,0,1163,122,145,0,3029,119,0,3480,
0,0,1163,122,145,0,3029,119,107,0,4650,
0,0,1263,0,1163,122,145,0,0,1951,107,0,1163,
0,427,0,1163,122,145,0,3274,107,0,1163,
0,729,0,1163,122,145,0,3274,107,0,1163,
0,427,0,1163,122,145,0,878,107,0,1163,
0,729,0,1163,122,145,0,878,107,0,1163,
0,1409,0,1163,122,145,0,878,107,0,1163,
0,0,1263,0,1163,122,145,0,0,1516,107,0,1163,
0,0,8551,122,145,0,878,107,0,1163,
0,
0,
0,
0,
0,
107,1435,122,0,118,
0,
186,1435,163,179,1928,262,1276,0,1822,122,107,0,8298,0,140,118,0,
122,107,0,401,114,107,4027,122,107,0,146,0,107,0,4650,530,154,
0,570,0,262,107,491,158,275,154,0,910,0,154,9946,166,721,
107,4172,122,107,0,401,122,107,0,146,0,178,2350,182,2625,122,1276,
6477,4285,107,4726,122,0,92,0,688,0,140,118,0,1661,107,560,122,
0,5518,0,
0,
0,
0,118,2250,13,
0,
483,0,1275,607,114,0,120,0,114,219,1027,0,109,0,129,1797,0,3585,0,
0,
88,0,88,0,129,107,4027,483,7376,0,9480,0,114,0,120,0,
0,
88,0,93,0,114,107,1034,189,0,165,114,0,565,0,114,3562,189,367,107,651,122,
107,0,326,0,114,107,1337,122,483,4179,597,107,0,2314,0,
0,
88,0,89,0,114,483,0,4143,0,132,769,0,971,0,114,769,189,0,971,0,
0,
88,0,98,0,114,483,801,107,769,140,154,189,0,220,0,114,134,6443,107,769,
262,107,0,459,0,
0,
88,0,100,0,114,134,1928,107,769,1401,0,114,107,3562,3832,0,114,240,189,
2798,114,1548,316,1401,0,
0,
88,0,90,0,114,483,0,4143,0,299,240,132,31,0,3395,500,0,145,107,0,2314,0,114,
299,154,6332,107,5580,262,107,0,2314,0,
0,
31,0,3395,0,0,0,223,186,638,163,314,4423,107,1507,4726,1035,
107,0,120,0,114,107,7507,0,1226,0,107,4541,431,122,275,0,1275,107,
5580,140,248,367,107,0,120,0,262,686,140,248,1653,129,107,0,6262,0,
0,
88,0,101,0,114,483,500,31,0,3395,0,114,6443,107,5580,140,300,587,
107,0,3395,0,262,686,140,300,1653,107,0,3395,0,114,154,189,1821,0,
0,
88,0,96,0,114,483,1928,107,0,3395,0,0,9480,0,114,107,2798,114,1548,
300,107,729,1401,0,
0,
88,0,92,0,483,2350,0,4143,0,299,107,5580,140,248,587,107,0,9480,0,132,
0,2472,1124,475,316,0,402,0,114,299,107,2991,1213,0,330,0,114,154,
189,179,6505,0,
0,
88,0,0,99,0,114,483,1928,107,2991,559,0,0,120,0,114,107,0,6381,1124,122,
107,0,2314,0,134,1928,0,127,0,114,483,801,140,154,189,0,220,0,
0,
88,0,88,0,114,134,0,4143,0,299,107,1034,837,995,2017,0,76,0,114,407,168,373,
9866,0,114,107,3741,3237,6576,3741,579,1276,5878,0,275,373,194,
7463,129,1288,367,107,0,120,0,114,154,189,179,6505,0,
0,
88,0,0,93,0,114,107,1034,1225,995,107,2017,0,76,0,114,407,168,0,1275,
7463,3851,119,1276,5878,0,114,107,3237,140,0,1275,0,3096,0,1204,7463,
1203,316,3851,119,1276,5878,0,114,483,801,140,154,189,0,220,0,
0,
88,0,0,89,0,114,107,2798,114,107,1548,300,107,1409,1401,0,
0,
88,0,0,98,0,114,483,0,4143,0,299,240,132,4615,500,129,107,0,3395,122,0,9480,0,
119,6332,107,442,114,107,3832,0,114,299,309,132,151,0,8543,0,114,151,
0,890,0,114,151,1312,114,0,688,0,
0,
88,0,0,100,0,119,4402,129,107,0,3395,122,0,9480,0,114,119,446,769,367,107,
0,120,0,114,154,189,179,6505,0,
0,
88,0,0,90,0,114,483,500,524,452,0,689,0,31,2610,769,119,3987,107,1401,0,
114,31,6093,769,119,3987,107,3832,0,114,107,0,1226,0,
0,
524,452,0,689,0,0,0,483,7376,173,107,427,1401,0,1417,0,275,556,
4179,262,2824,119,0,205,0,223,1276,4931,114,0,1167,0,500,1548,114,
0,2658,0,178,173,107,4161,442,134,8425,114,0,3615,186,1417,0,
114,500,107,0,236,0,0,6377,0,114,0,1226,0,107,0,6377,0,606,464,1185,308,107,
0,1226,0,163,314,1928,31,452,1417,0,262,1276,3015,31,808,2610,769,
119,107,1034,308,430,122,0,5226,0,
0,
88,0,0,101,0,114,134,684,309,129,107,0,3395,122,607,119,4402,367,107,
0,120,0,
0,
88,0,0,96,0,114,119,3987,107,442,114,107,3832,0,114,119,6332,107,769,114,107,
0,459,0,114,483,801,140,154,189,0,220,0,
0,
88,0,0,92,0,114,107,2798,114,1548,300,107,4161,1401,0,
0,
88,0,0,99,0,483,2350,0,4143,0,299,107,5580,837,995,107,0,3206,2839,
1204,0,2421,0,114,107,7409,140,373,1393,597,107,1034,587,107,
0,3395,122,0,9480,0,
0,
88,0,0,88,0,114,483,7376,107,452,0,9871,0,114,589,2025,114,4724,
0,4212,0,275,107,5580,1225,4240,0,3851,119,322,0,6262,0,114,
589,8216,7409,3851,119,1276,5878,0,114,483,801,140,154,189,0,220,0,
0,
88,0,93,0,114,134,2862,0,5226,0,0,1295,0,5581,114,0,175,0,114,1947,107,
5580,122,107,0,75,0,114,299,107,4527,132,0,2406,367,107,0,120,0,
0,
88,0,0,89,0,114,107,2798,114,1548,300,107,5859,1401,0,
0,
88,0,0,98,0,114,483,0,4143,0,299,107,1034,837,995,107,2025,2839,129,1276,
5878,0,9020,114,0,3206,0,486,0,114,5571,122,107,0,120,0,3851,119,
322,0,6262,0,114,154,189,179,6505,0,
0,
88,0,0,100,0,114,483,500,107,5571,122,107,1034,3851,119,322,0,6262,0,114,
0,1163,0,114,589,845,140,0,1275,173,107,1034,579,1276,5878,0,114,
483,801,140,154,189,0,220,0,
0,
88,0,0,90,0,114,134,0,4143,0,299,351,384,259,119,265,4232,114,0,1997,0,114,299,
188,194,0,197,597,107,0,112,122,107,0,75,0,114,107,0,1300,122,107,879,0,
114,107,0,689,0,114,107,1507,0,120,0,114,589,0,3206,2839,140,
0,1275,367,107,0,120,0,
0,
299,351,384,259,119,265,0,409,0,0,0,186,4232,122,483,129,501,0,163,166,129,107,
2033,0,178,129,107,0,598,0,275,163,31,0,1437,0,357,0,0,2888,158,
5116,114,1278,0,256,0,483,0,1275,314,129,107,0,2167,0,1353,0,119,
0,8293,107,0,2338,122,5814,129,107,0,393,0,
0,
88,0,0,101,0,114,483,7376,259,119,169,536,0,409,0,119,107,4232,122,483,134,
7376,0,155,0,6821,114,7238,134,7376,0,5226,0,
0,
88,0,0,96,0,114,483,2862,0,5226,0,0,1295,0,5581,114,0,175,0,114,1947,107,
0,120,0,114,0,251,149,0,114,3987,597,107,0,112,122,107,0,75,0,114,107,0,1300,
122,107,879,0,114,219,2025,4433,140,1959,367,107,0,120,0,
0,
5581,114,0,175,0,0,0,186,163,166,31,0,2090,0,168,347,0,8312,
0,4603,274,194,149,0,178,31,0,4142,0,0,6381,309,0,461,0,
151,483,229,376,107,826,777,119,107,0,112,0,114,0,6262,0,0,201,0,93,0,313,
300,8957,122,9292,31,0,2090,0,
0,
88,0,0,92,0,114,483,0,4143,0,1689,39,194,1492,125,589,9510,3188,7463,367,
107,0,120,0,114,219,4731,140,194,129,1614,7463,122,322,536,5878,0,
119,132,183,0,110,0,
0,
88,0,0,99,0,114,119,219,5571,122,107,0,120,0,114,119,589,7409,122,107,879,0,114,
119,219,140,1959,367,107,0,120,0,114,2317,240,163,0,2421,0,140,266,
373,194,119,2880,5734,0,114,154,189,179,6505,0,
0,
88,0,0,88,0,114,483,801,219,107,1027,140,134,229,0,971,0,114,266,300,489,
0,220,0,114,107,2798,114,1548,300,107,5479,1401,0,
0,
0,118,2250,14,
0,
483,0,1275,173,107,0,120,442,114,0,1275,149,0,107,5326,0,8569,0,129,
275,483,0,1275,501,0,134,0,1275,188,166,119,1602,122,107,3237,122,
0,2161,0,114,0,1275,31,821,122,169,4656,0,
0,
93,0,88,0,179,107,2160,114,107,1034,300,0,1705,0,114,219,107,8202,
122,0,5226,0,
0,
93,0,93,0,114,173,107,0,120,442,483,4669,169,950,275,134,229,0,971,0,114,134,
0,2646,173,107,0,120,442,262,219,169,950,275,134,229,6505,0,
0,
134,0,2646,0,0,72,0,0,0,140,118,0,134,8687,119,384,243,6868,430,609,7508,122,
0,486,0,0,476,0,168,265,261,4665,170,0,878,100,0,0,101,0,0,6379,601,0,1275,0,0,
0,683,0,0,223,0,582,114,0,1011,219,0,486,0,114,0,1822,0,5236,0,
0,
93,0,89,0,114,134,2862,107,0,120,1401,0,114,0,2819,149,0,1103,129,154,134,
229,0,2646,262,219,169,950,275,483,7376,114,0,971,0,
0,
93,0,98,0,411,248,107,0,1454,122,107,607,114,107,0,120,0,276,266,
300,0,809,0,129,107,442,140,107,261,483,500,107,607,114,107,
0,120,0,
0,
93,0,100,0,114,589,2518,122,107,1485,487,154,9024,237,129,107,0,120,0,114,
589,9510,122,107,1491,487,154,0,1223,0,151,107,261,483,229,166,0,1998,
367,107,0,120,0,114,240,189,166,31,259,119,713,107,0,120,0,
0,
93,0,90,0,178,31,2999,2539,307,122,107,0,120,0,0,4820,219,107,9605,122,107,
0,120,0,
0,
93,0,101,0,114,107,261,483,6198,259,122,107,0,1310,122,107,0,120,0,114,8393,
475,169,651,107,993,122,0,2421,0,114,259,2815,31,2025,0,598,0,
0,
93,0,96,0,114,107,261,483,229,9335,31,8633,122,1720,262,107,
0,1011,0,2317,134,6234,259,851,134,229,5730,0,
0,
93,0,92,0,114,107,261,483,1225,995,122,107,1491,219,1843,122,0,3898,0,
545,119,0,4097,0,114,3783,119,1602,1883,0,107,3237,122,531,2350,129,107,
7373,122,0,8569,0,114,107,3237,122,2422,122,279,114,0,6504,0,
0,
107,3237,122,0,2421,0,0,0,179,1928,1103,154,229,140,0,2338,0,140,223,
5837,122,107,3741,122,149,0,259,274,194,413,0,709,129,31,3033,
1062,122,0,1262,0,0,225,0,114,0,1442,0,114,274,166,194,2399,211,184,0,
107,3237,122,0,2161,0,0,0,119,275,107,0,461,5856,8398,
0,3615,107,949,122,0,1167,31,0,1669,765,122,0,2161,0,2765,
140,275,483,189,5321,119,0,325,0,
0,
93,0,0,99,0,114,31,3384,987,307,122,107,698,122,1720,119,1463,0,8569,0,
275,262,2918,163,6443,475,1134,0,4762,0,
0,
93,0,88,0,107,638,122,107,316,163,0,828,0,140,163,154,275,0,1275,219,107,
1213,122,0,203,0,365,1101,0,1275,0,
0,
93,0,0,93,0,114,107,1101,122,140,1213,163,489,0,220,0,240,163,1043,0,6143,0,
114,107,0,91,2871,0,
0,
93,0,0,89,0,114,107,638,122,107,729,3384,163,0,117,0,107,826,163,154,140,
0,1275,219,107,1213,122,0,498,0,
0,
93,0,0,98,0,114,107,638,122,107,1409,3384,163,0,4813,0,107,826,0,1275,1872,
223,107,0,2199,0,114,107,4161,3384,163,0,1068,0,
0,
93,0,0,100,0,114,107,261,483,986,501,0,114,600,188,475,107,8633,122,
0,1723,0,119,2174,149,0,114,119,635,149,0,
0,
93,0,0,90,0,114,134,5113,0,155,0,0,1295,0,122,589,3237,122,8633,181,1316,
0,110,0,
0,
93,0,0,101,0,178,122,107,3237,122,2422,122,279,114,0,6504,0,181,1316,166,0,110,0,
151,129,207,442,6026,181,1316,1602,122,149,0,181,1316,882,107,0,203,0,
0,
93,0,0,96,0,114,107,261,483,0,4143,0,154,163,166,279,151,259,119,132,0,277,0,299,351,
384,188,31,966,333,978,0,329,0,
0,
93,0,0,92,0,114,107,261,483,1204,6198,307,122,107,1491,219,107,5571,122,
107,0,120,0,114,219,107,0,1300,122,107,879,0,1225,309,119,4959,119,361,
207,134,274,530,0,5226,0,151,8846,4959,1928,430,2025,2839,
107,826,163,1276,0,295,0,
0,
93,0,0,99,0,114,4959,1928,219,107,5571,223,322,0,1951,0,114,219,107,0,1300,
122,107,879,0,114,219,107,9020,122,107,6955,0,178,151,4959,240,189,166,
1043,31,0,532,333,0,329,0,
0,
93,0,0,88,0,294,107,261,483,1209,31,1355,1008,367,0,177,0,114,276,134,189,
1657,0,3039,0,134,986,316,122,169,0,1921,0,114,5413,237,2169,151,149,0,
0,
93,0,93,0,114,107,261,483,6851,107,5601,275,134,986,262,4959,475,31,
0,1664,0,114,1225,200,119,0,177,0,
0,
93,0,0,89,0,114,4959,0,4143,0,186,273,163,5501,122,141,0,1798,0,114,2169,122,141,
0,1164,0,235,250,132,1928,0,1664,0,1103,235,189,1629,307,122,501,0,
0,
93,0,0,98,0,2342,31,259,250,687,525,114,0,629,0,114,250,0,421,119,
169,6380,0,114,266,250,132,524,129,316,0,1164,0,
0,
93,0,0,100,0,114,266,300,639,0,3241,0,119,0,149,0,4959,114,169,6380,0,114,300,166,
0,3838,0,
0,
0,118,2250,15,
0,
107,0,167,0,70,8291,0,107,800,122,265,427,0,977,0,322,0,515,0,
107,2579,122,31,0,2724,0,
0,
89,0,88,0,273,107,5856,189,301,4968,308,430,122,107,5571,122,107,1034,
275,107,261,483,229,0,971,0,114,134,376,119,107,0,1664,0,414,383,483,
5113,0,106,0,140,125,359,166,1602,122,589,3237,122,0,8569,0,
0,
89,0,93,0,114,107,821,3468,0,155,0,0,1295,0,122,107,3741,122,107,4731,140,
248,129,8633,172,185,0,110,0,
0,
89,0,89,0,178,122,107,3741,122,107,3237,275,163,129,107,7373,122,0,8569,0,483,
383,5113,351,140,172,359,166,0,110,0,114,140,172,359,166,1074,
149,0,2122,1974,172,0,252,0,
0,
89,0,98,0,114,107,5856,376,119,107,0,1664,0,1451,0,125,250,166,882,107,0,203,0,
0,
89,0,100,0,151,483,563,317,140,129,207,442,6026,125,250,1602,0,1883,0,
183,554,250,132,0,885,0,114,125,250,132,168,0,6262,0,2965,279,114,
0,6504,0,
0,
89,0,90,0,114,107,821,801,140,107,3237,189,279,119,0,110,0,114,545,119,107,
0,112,0,114,0,461,119,0,4097,0,114,235,986,122,107,3741,0,1883,0,114,
343,0,110,0,114,1122,119,200,0,1088,0,313,343,0,110,0,
0,
89,0,101,0,114,107,554,122,309,639,300,0,885,0,114,276,266,8183,
1614,119,132,0,3241,0,266,0,124,1124,2175,0,1789,0,114,500,
1614,0,8814,0,
0,
114,107,0,112,0,0,72,0,0,0,166,140,266,300,2467,0,366,0,0,873,107,821,801,
140,107,3237,189,545,119,107,0,112,0,201,0,90,0,0,450,396,140,322,554,
300,4118,119,430,301,2665,2422,122,0,220,0,178,721,119,107,
4916,5671,122,1204,1242,107,279,122,8014,773,114,
0,331,0,114,0,934,107,3174,3381,122,6257,0,262,3216,3333,31,
1139,122,322,556,0,3241,0,275,266,6693,166,0,366,0,1103,556,
273,0,7489,122,8014,0,2080,0,266,1656,1856,119,132,1539,119,107,
7728,0,830,122,107,0,1164,0,
0,
89,0,96,0,114,276,266,903,107,1299,122,107,261,483,4317,129,8633,
211,107,3664,879,0,4959,114,169,842,2655,1614,262,107,651,122,
107,261,0,2096,0,0,145,107,4731,122,0,8569,0,
0,
89,0,92,0,114,107,261,483,1928,0,177,0,114,376,119,0,155,0,365,544,0,106,0,
0,
89,0,0,99,0,114,134,0,4143,0,39,903,238,1299,129,0,8569,0,114,39,189,0,2940,0,
1103,39,189,0,3241,0,114,39,2655,0,329,0,
0,
89,0,88,0,114,134,376,119,0,155,0,114,313,383,1077